0.5 0.084929 0.20503
0.43943
0.35676
0.5 0.32541 0.5 0.5 0.29236 0.12812
0.5 0.065185 0.068277
0.5 0.5 0.5 0.11298 0.5 0.19709 0.24732
0.5 0.5 0.5 0.5 0.1872 0.14642 0.052478
0.5 0.32566 0.39031 0.35435
0.5 0.33363 0.5 0.43563 0.20639
0.5 0.16672 0.5 0.5 0.5 0.12996 0.24569 0.19195 0.10152
0.5 0.5 0.5 0.0041212 0.0067825
0.5 0.5 0.5 0.11329 0.5 0.074134 0.043614
0.5 0.30246 0.5 0.5 0.24805 0.15296 0.47944
0.5 0.5 0.5 0.2023 0.1133 0.18744 0.29544
0.5 0.33716 0.12848
0.5 0.5 0.31319 0.5 0.33399 0.32442 0.25843
0.5 0.39078 0.13673
0.5 0.5 0.34815 0.21395 0.5 0.5 0.028374 0.21296
0.5 0.5 0.5 0.5 0.5 0.11079 0.5 0.41309 0.5 0.18802 0.20977 0.046343 0.089667
0.5 0.5 0.23533 0.16687 0.12566
0.5 0.5 0.5 0.5 0.25437 0.13555 0.09903
0.5 0.29183 0.5 0.5 0.29079 0.11662 0.5 0.17082 0.5 0.5 0.16707 0.5 0.5 0.21186 0.016511 0.040543
0.5 0.5 0.5 0.5 0.5 0.5 0.5 0.5 0.27719 0.48092 0.17846
0.5 0.5 0.5 0.17147 0.5 0.5 0.5 0.070731 0.5
0.5 0.18187 0.5 0.050936 0.42056
0.5 0.5 0.27408
0.5 0.5 0.5 0.5 0.5 0.5 0.5 0.28915 0.28778 0.23448 0.5
0.5 0.43809 0.5
0.5 0.24472 0.5 0.32587 0.36855
0.5 0.5 0.5 0.5 0.5 0.11079 0.5 0.41309 0.5 0.18802 0.20977 0.046343 0.089667
0.5 0.32733 0.2798 0.5 0.5 0.18534 0.18925 0.18733
0.5 0.5 0.5 0.19217 0.128 0.22397 0.5
0.5 0.5 0.5 0.19197 0.26205 0.072497 0.18339
0.5 0.5 0.5 0.35066 0.19745 0.19877 0.42852
0.5 0.20209 0.32012
0.5 0.5 0.5 0.5 0.29231 0.5 0.5 0.21539 0.18663 0.18709 0.1069
0.5 0.5 0.45791 0.078634 0.41662
0.5 0.5 0.5 0.5 0.5 0.060461 0.064811 0.17703 0.057175
0.5 0.49853 0.45263 0.24059
0.5 0.15074 0.5 0.20796 0.10776 0.26866
0.5 0.5 0.0094899 0.28351 0.5 0.43759 0.22609 0.35589
0.5 0.5 0.10223 0.096995 0.5 0.19903 0.34982 0.5 0.5 0.061886 0.076279 0.43388
0.20118 0.5 0.23561 0.5 0.5 0.16269 0.099155 0.19657
0.5 0.067979 0.038323 0.35558 0.36559 0.5 0.067959 0.043886
0.5 0.5 0.13718 0.059902 0.5 0.12352 0.077025 0.13908 0.5 0.098032 0.5 0.11801 0.027507
-1
-1
-1
-1
-1
-1
-1
-1
-1
-1
-1
-1
-1
-1
-1
-1
0.5 0.5 0.09561 0.045107 0.5 0.5 0.17171 0.32124 0.5 0.076147 0.064148 0.12038 0.26406
-1
-1
-1
-1
-1
-1
-1
-1
0.5 0.1419 0.5 0.059904 0.5 0.048058 0.061039 0.5 0.076623 0.5 0.054658 0.5 0.41885 0.028827
0.5 0.5 0.10787 0.5 0.022228 0.5 0.0089648 0.0076387 0.20826 0.47024
0.5 0.5 0.047243 0.12189 0.069493 0.5 0.13023 0.17933
0.5 0.5 0.36419 0.5 0.024281 0.0089525 0.25282
0.5 0.5 0.5 0.020423 0.033753 0.15017 0.5 0.5 0.15455 0.5 0.11083 0.12279 0.099388
0.5 0.5 0.35337 0.12902 0.5 0.07475 0.040059
0.5 0.21377 0.5 0.048754 0.1687 0.5 0.18634 0.5 0.12912 0.09829
0.5 0.5 0.071257 0.030738 0.5 0.37824 0.5 0.035515 0.092907
0.5 0.36703 0.41711
0.5 0.031067 0.036191 0.38771 0.5 0.22792 0.5 0.1748 0.077536
0.5 0.20675 0.12354 0.5 0.053967 0.5 0.11268 0.043532 0.31865 0.5 0.5 0.29635 0.030694 0.5 0.28664 0.12609
0.5 0.10543 0.5 0.5 0.12102 0.27789 0.12684 0.5 0.35917 0.5 0.0010968 0.0041584
0.5 0.5 0.5 0.26601 0.1516 0.5 0.5 0.039405 0.076805 0.059214 0.5 0.0056641 0.10412
0.5 0.5 0.12443 0.092881 0.5 0.16041 0.098703 0.5 0.5 0.25735 0.5 0.045417 0.17435 0.2567
0.5 0.1829 0.18592 0.5 0.038171 0.15298
0.5 0.078147 0.37804 0.47167 0.5 0.018222 0.033024 0.1191
0.5 0.5 0.17651 0.086853 0.5 0.13288 0.5 0.14881 0.014761
0.5 0.5 0.067924 0.15011 0.5 0.18483 0.19877
0.5 0.27976 0.31222 0.5 0.5 0.039933 0.5 0.028584 0.054677 0.5 0.066802 0.24811
0.5 0.5 0.25741 0.5 0.012352 0.0072511 0.43006 0.5 0.14415 0.14021
0.5 0.45495 0.33246 0.5 0.5 0.1567
0.5 0.087266 0.13298 0.5 0.28002 0.2392 0.35296 0.5 0.23363 0.081646
0.5 0.01341 0.013499 0.5 0.47352 0.5 0.5 0.25325 0.020006 0.1828 0.22908 0.5 0.5 0.2314 0.1338 0.5 0.38412 0.27888
0.5 0.5 0.10148 0.056609 0.5 0.25469 0.5 0.5 0.34294 0.047644 0.5 0.050562 0.067075
0.22864 0.5 0.025623 0.01587 0.5 0.060959 0.5 0.046368 0.041133 0.5 0.5 0.074983 0.23744 0.068607 0.5
0.5 0.5 0.5 0.012565 0.08478 0.5 0.014183 0.020433 0.5 0.30313 0.5 0.013339 0.20185
0.5 0.31438 0.5 0.33521 0.37784
0.36693 0.5 0.5 0.058111 0.061357 0.5 0.5 0.24343 0.34044 0.5 0.5 0.027148 0.15923 0.19168
0.5 0.5 0.00766 0.011615 0.14316
0.5 0.17265 0.5 0.5 0.0064717 0.0083274 0.5 0.45317 0.071999
0.5 0.48603 0.20044 0.5 0.5 0.20482 0.5 0.5 0.5 0.42205 0.5 0.23597 0.085206 0.5 0.45962 0.5 0.15676 0.072997 0.22344
0.5 0.5 0.087973 0.063441 0.5 0.093524 0.02887 0.5 0.073925 0.06253
0.5 0.5 0.5 0.097418 0.5 0.5 0.047678 0.012258 0.090889
0.5 0.5 0.5 0.5 0.42979 0.5 0.49345 0.14911
0.5 0.5 0.5 0.14684 0.28844 0.028392 0.059277 0.5 0.5 0.022714 0.063175 0.5 0.081595 0.083803
0.5 0.5 0.095695 0.27186 0.15919
0.5 0.44838 0.5 0.11292 0.17054 0.5 0.5 0.20292 0.07413 0.14522
0.5 0.5 0.05208 0.068825 0.40195
0.5 0.45628 0.31849
0.5 0.15094 0.5 0.022019 0.066553 0.5 0.5 0.036956 0.0062492 0.10956
0.5 0.5 0.5 0.5 0.5 0.29657 0.5 0.0038791 0.12237 0.5 0.075611 0.11142 0.5 0.052691 0.046502 0.5 0.041421 0.12084 0.0040893
0.5 0.5 0.5 0.095222 0.41981 0.090754 0.31227 0.5 0.28851 0.5 0.11551 0.11135 0.11217
0.5 0.15808 0.31163
0.5 0.44078 0.5 0.5 0.099264 0.5 0.095426 0.5 0.036221 0.10617 0.37378
0.1988 0.5 0.07818 0.5 0.29729 0.5 0.22652 0.26437 0.26825 0.5 0.48581 0.5 0.023222 0.5 0.06481 0.0073321
0.5 0.051964 0.066387 0.38487 0.5 0.088725 0.090493 0.25843
0.11889 0.5 0.010297 0.074091 0.5 0.0082819 0.0050751
0.41776 0.18606 0.34303
