0
9
3 4 7 8 9
8 10 14 15 17 18 19
0
0
13
0
0
0
0
0
0
10 15 16 19 20
0
0
0
0
0
15 20
0
0
0
0
0
4
0
0
0
0
0
0
8 11 14
0
0
0
0
0
0
0
2 4 6 7 10 12 15 17 18 22 23 24 27 28 29
3 4 8 11 12 13 15 17 18 19 20 21 22 23 24 28 32 33 34 38 39 40 42 43
1 3 4 7 8 9 10 11 12 16 17 18 19 22 23 24 26 27
2 3 5 6 10 11 12 14 15 18 20 21 22 25 26 27 28 29
3 4 5 8 10 11 12 13 14 15 16 17 19 23 24 25 26 27 28 29 30
2 3 4 5 9 10 11 14 15 19 20 21 22
5 6 7 8 9 10 11 13 14 15 16 18 19 20 21 24 25 28 29 30 31 32
4 5 6 7 8 9 10 12 14 16 17 21 22 25 26 27 29 30 31
3 4 5 6 8 10 11 12 14 15 16 17 19 20 21 22
2 3 4 5 8 9 11 12 14 17 18 22 23 24 26 27 28
2 3 4 5 6 7 11 12 13 15 16 17 18 19 20 23 25 26 27 28 29
4 5 8 9 10 11 13 14 17 18 19 20 21 24 26 27 30 31 33 34
3 4 5 6 7 10 11 12 14 17 18 19 20 21 22 23
4 5 6 8 9 11 12 13 14 17 18 20 22 23 24 25 27 28
5 6 8 9 10 11 14 15 16 17 19 20 21 23 24
3 4 5 8 9 10 11 12 16 17 19 21 22 25 26 28 29 30 32 33
3 4 5 6 7 11 12 14 15 16 17 21 22 23 24 25 27 28
3 4 6 9 10 12 13 14 15 17 18 19 20 21 22 23 24 26 28 29 30 31
4 5 8 9 10 12 13 16 17 21 22 24 25 26 27 28 29 30
3 4 5 6 8 9 11 15 16 27 29 30 37 38 42 43
2 3 4 5 6 7 10 11 12 13 16 17 19 20 23 26 29 30 33 41 42 43 44 45
3 5 6 7 12 13 14 15 16 19 20 22 23 25 26 27 30 31 32
2 3 4 5 7 9 11 12 17 18 19 21 22
1 2 3 7 8 9 12 13 14 15 18 19 20 21 22 23 24 25 26
2 4 5 7 8 10 11 14 16 17 20 21 22 23 25 26
3 4 5 6 7 8 11 12 13 16 17 18 20 21 25 26 27 28 29 32 33 36 37 38 39 40 41 42
2 4 5 9 10 11 13 14 17 20 21 22 25 26 29 30 31 32 33
4 5 6 8 9 10 11 13 14 18 21 22 24 25 26 29 30 31 32 33
3 6 7 8 9 10 11 12 13 14 15 16 18 19 20 24 25 26 27 28 29 31 32 33 34 35 36
4 5 6 7 9 10 13 14 16 17 20 22 23 27 28 29 31 32
2 3 4 5 6 7 9 10 11 13 14 15 17 18 20 21 22 23 24 26 29 31 32 33
3 4 6 8 9 10 11 14 15 16 19 21 22 26 27 29 30 31 32 33 34 35
2 3 4 5 6 8 9 10 11 12 13 14 17 18 20 21 22 23 24 27 28 30 31 32 33 34 35 36 37
4 5 6 7 8 9 10 13 14 15 16 17 20 21 22 23 25 26 27 28 29 30
3 4 5 6 8 9 10 11 15 16 17 18 21 22 25 26 28 29 30 31 33 34 35 36
4 5 6 7 8 9 12 13 14 15 16 17 18 20 22 23 27 28 29 31 32 33 34 35 36
2 3 4 5 8 9 10 11 13 14 17 18 21 22 23 24 25 26 28 29
3 4 5 6 7 8 9 13 14 15 18 19 22 23 24
3 4 5 7 8 10 11 12 13 14 15 16 17 18 19 23
1 2 5 6 7 8 9 13 14 15 16 17 20 21 22 23 24
2 3 4 5 7 8 9 10 12 15 16 17 20 21 22 26 29 30 32 33
1 5 6 10 12 13 15 16 19 22 23 24 26 28 29
6 7 9 10 11 12 15 17 18 19 20 21 23 27 28 29 30
4 5 9 10 11 12 13 14 15 16 17 18 22 23 24 25 26 27 29 30 31 32 33 37 38 39 40 41
4 5 6 8 14 16 19 20 21 22 23 24 25
1 2 3 4 5 6 7 8 9 12 13 14 15 16 17 18 20 21 22 23 24 25 27 28 29 30 32 34 35 36 37
4 6 7 11 12 13 14 15 16 17 20 21 25 26 27 28 29 30
5 8 9 11 12 13 16 17 18 20 21 22 23 24 25 27 28 29 31 32 33 34 35 37 38
5 6 7 8 9 11 12 13 14 17 19 20 22 25 27 28 29
5 6 8 9 10 11 12 13 14 15 18 20 21 22 27 28 30
3 4 5 6 7 8 9 10 11 12 13 17 18 19 20 21 22 23 24 25 26 27 28 33 34 35
1 2 3 4 5 7 8 12 13 14 15 16 17 18 19 21 22 23 24 25 26 27 28 30 31 32 33 34 35 38 42 43 44 45
1 2 5 6 7 13 14 16 22 23 24 25 26 29 30 31 32 33 34 41 43 44 49 50 51 53 54 56 60 61
3 4 5 6 7 12 13 14 15 19 20 21 23 24 25 28 29 31 32 33 34
1 2 3 4 5 6 8 9 10 11 13 15 16 19 21 22 23
3 6 7 8 9 10 11 14 16 17 18 19 21 23 24 25 26
3 4 5 6 7 10 11 12 14 16 17 20 21 23 25 26
1 3 5 6 9 10 15 16 19 21 22 23 24 26 27 28 29
6 7 8 9 10 11 12 16 17 18 19 20 21 24 25 26
4 5 6 8 12 13 14 15 20 21 22 23 25 26 27 28 29 30 31 32
7 8 13 14 15 22 23 24 25 27 28 29 32 34 35 37 38 39 40 43 44 47 49 50 51
4 6 7 8 9 10 12 13 14 15 16 17 20 21 22 24 25 26 27 28 29
6 7 8 9 14 15 16 17 20 21 22 23 24
5 21 22 24 25 26 27 28 29 30 31
4 5 8 9 10 11 12 13 14 15 16 17 18 21 23 24 28 29 30 31 32 34 35
4 5 6 9 10 11 12 13 15 16 17 18 19 20
2 3 4 8 9 10 12 13 18 19 20 25 27 28 29 30 31 32 33 34 35 36 38 39 40 41
3 4 5 6 7 8 11 12 13 14 17 18 19 20 22 23 24 25 26 27 29 31 33 34
2 4 7 8 9 12 13 14 15 16 17 18
2 3 4 5 7 8 9 11 12 13 14 15 16 17 18 22 23 25 26 28 29
7 8 9 11 15 16 19 20 21 22 24 25 26 27 30 31 35 36 37 38 40 41 42
3 5 9 11 12 18 19 20
5 8 9 10 11 12 14 16 18 19 20 21
4 7 8 10 12 16 17 18 19 20 23 24 27 28 30 31 33 35 36
2 11 12 13 14 15 16 18 19 20 21 22 25 26 27 29 30 31 32 33
3 4 5 7 8 9 10 11 12 13 14 15 16 17 18 19 20 31 33 34
0 1 2 4 7 10 12 13 15 17 19 20 21 22 23 24 27 28 29 31 32 34 35 36 37
1 2 3 4 5 7 8 9 10 11 12 13 15 16 17 18 19 20 21 22 23 24 28 29 30 31 32 33 34 35 36 37 38 39
