-1
0.81769
0.77 0.86483 0.5 0.5 0.92868
0.94884 0.99468 0.5 0.5 0.97343 0.5 0.5
-1
-1
0.97003
-1
-1
-1
-1
-1
-1
0.98252 0.5 0.5 0.5 0.5
-1
-1
-1
-1
-1
0.84668 0.99152
-1
-1
-1
-1
-1
0.96925
-1
-1
-1
-1
-1
-1
0.98541 0.8586 0.92913
-1
-1
-1
-1
-1
-1
-1
0.80606 0.78119 0.6276 0.61607 0.77893 0.9039 0.65133 0.90093 0.86817 0.50087 0.50096 0.7306 0.77039 0.75785 0.76651
0.78297 0.966 0.99855 0.50112 0.50106 0.8847 0.91741 0.8459 0.5 0.5 0.5 0.5 0.5 0.5 0.79015 0.99308 0.66327 0.65328 0.79096 0.78153 0.80217 0.82442 0.67905 0.77018
0.68323 0.53329 0.53762 0.87043 0.5 0.5 0.91752 0.5 0.5 0.9144 0.5 0.5 0.79324 0.72815 0.5 0.5 0.74611 0.75347
0.78358 0.79119 0.71258 0.70042 0.71561 0.73167 0.72623 0.7061 0.68621 0.71831 0.63073 0.58476 0.75931 0.66558 0.98724 0.5 0.5 0.88237
0.64505 0.64953 0.81158 0.62177 0.59762 0.58532 0.89299 0.5 0.5 0.98201 0.5 0.5 0.93381 0.72929 0.69812 0.7812 0.5 0.5 0.82454 0.5 0.5
0.96208 0.5 0.5 0.82374 0.63684 0.66286 0.76661 0.85741 0.84128 0.81729 0.79836 0.92718 0.83165
0.74794 0.84842 0.5 0.5 0.5 0.5 0.7576 0.51971 0.57878 0.5 0.5 0.8041 0.93032 0.5 0.5 0.733 0.73551 0.80564 0.5 0.5 0.77899 0.76913
0.63598 0.83299 0.5 0.5 0.88053 0.5 0.5 0.72208 0.98797 0.73764 0.65631 0.59967 0.58308 0.63494 0.6395 0.73654 0.64253 0.64752 0.83516
0.6612 0.81273 0.5 0.5 0.79072 0.79826 0.5 0.5 0.97183 0.5 0.5 0.7888 0.72024 0.98648 0.5 0.5
0.82248 0.5 0.5 0.70673 0.70312 0.74186 0.64482 0.64221 0.87186 0.61888 0.60847 0.78111 0.77835 0.84159 0.66099 0.69581 0.85218
0.78342 0.5 0.5 0.76974 0.5 0.5 0.67338 0.67747 0.68949 0.94419 0.5 0.5 0.88954 0.5 0.5 0.69292 0.68674 0.5 0.5 0.58592 0.81654
0.70196 0.70414 0.59425 0.5 0.5 0.55292 0.65498 0.666 0.59682 0.76037 0.5 0.5 0.76657 0.67837 0.64648 0.66454 0.59747 0.60824 0.64002 0.64056
0.69084 0.91067 0.5 0.5 0.82549 0.75701 0.75774 0.75077 0.81615 0.9975 0.5 0.5 0.85299 0.5 0.5 0.8245
0.77423 0.5 0.5 0.52299 0.52231 0.76884 0.87345 0.5 0.5 0.51138 0.51175 0.72973 0.70023 0.77479 0.5 0.5 0.59219 0.58854
0.65724 0.6577 0.85313 0.5 0.5 0.73825 0.65813 0.72519 0.5 0.5 0.80194 0.5 0.5 0.53919 0.53896
0.92085 0.84318 0.80876 0.52882 0.56174 0.5 0.5 0.67546 0.72714 0.7421 0.78765 0.65403 0.67771 0.53624 0.54338 0.8279 0.5 0.5 0.77785 0.71439
0.66797 0.84729 0.5 0.5 0.75483 0.74521 0.77512 0.87777 0.5 0.5 0.77908 0.63579 0.64777 0.83885 0.5 0.5 0.72377 0.78338
0.72464 0.72381 0.94311 0.55385 0.56127 0.70631 0.78776 0.5 0.5 0.72832 0.5 0.5 0.844 0.5 0.5 0.5 0.5 0.69152 0.72899 0.5 0.5 0.65206
0.70186 0.75367 0.75111 0.78654 0.79987 0.60996 0.61265 0.84727 0.79546 0.5051 0.50377 0.87998 0.5 0.5 0.68069 0.89254 0.5 0.5
0.59822 0.68399 0.5 0.5 0.72234 0.77958 0.93382 0.97206 0.8761 0.9571 0.83172 0.97614 0.92141 0.9824 0.77358 0.73569
0.93196 0.5 0.5 0.83298 0.5 0.5 0.54155 0.5 0.5 0.53399 0.62487 0.73415 0.50056 0.50036 0.8632 0.81108 0.79322 0.60011 0.96762 0.78878 0.85215 0.89993 0.5 0.5
0.76685 0.53142 0.51551 0.9735 0.60675 0.90215 0.5 0.5 0.88179 0.7287 0.74987 0.81957 0.80006 0.91073 0.84601 0.91425 0.57796 0.58047 0.71784
0.92452 0.5 0.5 0.83374 0.87552 0.82803 0.67063 0.68758 0.92526 0.88547 0.8333 0.76696 0.76125
0.99539 0.5 0.5 0.71527 0.7058 0.71589 0.72402 0.89989 0.5 0.5 0.66259 0.88777 0.5 0.5 0.97481 0.5 0.5 0.5 0.5
0.82115 0.72578 0.83576 0.83983 0.89496 0.88984 0.88946 0.85656 0.55338 0.55677 0.66922 0.75242 0.5 0.5 0.74801 0.74782
0.76945 0.87622 0.5 0.5 0.5 0.5 0.89542 0.5 0.5 0.62976 0.67506 0.75339 0.68059 0.68479 0.86564 0.81392 0.5 0.5 0.72992 0.76292 0.7416 0.52728 0.51922 0.79954 0.5 0.5 0.5 0.5
0.6772 0.66038 0.68115 0.69444 0.723 0.77302 0.76821 0.76431 0.81653 0.74205 0.75919 0.76977 0.72712 0.69814 0.76075 0.76088 0.84483 0.5 0.5
0.80459 0.8636 0.89711 0.8452 0.91449 0.5 0.5 0.82659 0.837 0.83672 0.59508 0.60749 0.60525 0.60043 0.90021 0.78109 0.78619 0.93049 0.5 0.5
0.83893 0.63661 0.5 0.5 0.60548 0.97113 0.5 0.5 0.5 0.5 0.5 0.5 0.87981 0.5 0.5 0.53679 0.54396 0.77564 0.84789 0.5 0.5 0.65472 0.5 0.5 0.71687 0.5 0.5
0.63641 0.72005 0.5 0.5 0.79497 0.79062 0.73496 0.6258 0.7713 0.71297 0.78849 0.60611 0.60016 0.78209 0.78048 0.85088 0.68895 0.6463
0.91885 0.5 0.5 0.80406 0.5 0.5 0.86781 0.5 0.5 0.9451 0.5 0.5 0.68521 0.71236 0.95532 0.5 0.5 0.5 0.5 0.86726 0.90982 0.55744 0.5404 0.91703
0.71209 0.69951 0.85995 0.90429 0.5 0.5 0.84448 0.78097 0.77925 0.83241 0.73644 0.70882 0.65389 0.5277 0.52339 0.744 0.5 0.5 0.68767 0.95504 0.5 0.5
0.96522 0.5 0.5 0.5 0.5 0.69301 0.73073 0.96277 0.5 0.5 0.5 0.5 0.7277 0.72483 0.77498 0.5 0.5 0.5 0.5 0.59811 0.59184 0.79588 0.5 0.5 0.83763 0.5 0.5 0.5 0.5
0.58628 0.5 0.5 0.58803 0.80033 0.5 0.5 0.60444 0.5 0.5 0.55045 0.7123 0.55952 0.56737 0.5 0.5 0.67226 0.5 0.5 0.5 0.5 0.53729
0.75585 0.92285 0.5 0.5 0.70053 0.99533 0.5 0.5 0.67317 0.89283 0.5 0.5 0.7545 0.74249 0.59179 0.59656 0.51658 0.55107 0.5 0.5 0.52896 0.68685 0.5 0.5
0.72268 0.5 0.5 0.5 0.5 0.54288 0.87946 0.5 0.5 0.5 0.5 0.59808 0.71495 0.6624 0.63041 0.63716 0.68067 0.67944 0.66751 0.8307 0.5 0.5 0.67198 0.5 0.5
0.88405 0.5 0.5 0.69818 0.86262 0.5 0.5 0.60649 0.75123 0.75648 0.6491 0.70296 0.71379 0.5 0.5 0.5 0.5 0.68368 0.58107 0.58236
0.63657 0.69386 0.5 0.5 0.84183 0.5 0.5 0.56402 0.56431 0.75572 0.72464 0.70195 0.6439 0.64136 0.73836
0.91075 0.5 0.5 0.64595 0.57443 0.98061 0.5 0.5 0.5 0.5 0.5 0.5 0.5 0.5 0.68247 0.58634
0.74178 0.78167 0.57049 0.61027 0.79815 0.5 0.5 0.53711 0.87786 0.69578 0.5 0.5 0.65068 0.63987 0.82755 0.5 0.5
0.82924 0.5 0.5 0.70213 0.55271 0.5 0.5 0.52417 0.77244 0.69666 0.59947 0.73444 0.50618 0.50501 0.76185 0.8395 0.76597 0.71351 0.6462 0.65624
0.98333 0.67937 0.64661 0.79881 0.51783 0.50909 0.98083 0.57969 0.96269 0.50314 0.50297 0.61667 0.73289 0.64714 0.68633
0.54167 0.5272 0.68923 0.89751 0.5 0.5 0.75964 0.5359 0.5 0.5 0.51275 0.77941 0.69026 0.60477 0.6226 0.70433 0.71203
0.51736 0.66465 0.56369 0.5 0.5 0.53405 0.7326 0.5 0.5 0.89905 0.5 0.5 0.79106 0.87287 0.5 0.5 0.5 0.5 0.91413 0.5 0.5 0.5 0.5 0.74504 0.5 0.5 0.5 0.5
0.53063 0.53998 0.59787 0.60237 0.72475 0.79962 0.71462 0.5 0.5 0.67291 0.74437 0.5 0.5
0.98465 0.5 0.5 0.5 0.5 0.5 0.5 0.5 0.5 0.54959 0.55687 0.85428 0.5 0.5 0.5 0.5 0.87727 0.5 0.5 0.5 0.5 0.66491 0.69201 0.84799 0.5 0.5 0.54869 0.53909 0.58876 0.5 0.5
0.66879 0.58477 0.55958 0.56067 0.54625 0.80022 0.5 0.5 0.5 0.5 0.72187 0.70974 0.73796 0.5 0.5 0.70573 0.86231 0.87703
0.65252 0.61173 0.64741 0.55181 0.5404 0.6779 0.78235 0.5 0.5 0.80461 0.5 0.5 0.67704 0.5 0.5 0.79157 0.5 0.5 0.93968 0.5 0.5 0.5 0.5 0.60319 0.60656
0.51443 0.5 0.5 0.50365 0.60843 0.74662 0.5 0.5 0.68049 0.71983 0.69789 0.87853 0.91506 0.67888 0.69872 0.67365 0.63956
0.58915 0.59945 0.96462 0.5 0.5 0.5 0.5 0.5 0.5 0.77275 0.79508 0.50041 0.50039 0.95392 0.71811 0.64751 0.69383
0.59878 0.5 0.5 0.52528 0.93809 0.5 0.5 0.5 0.5 0.5 0.5 0.53055 0.56719 0.9643 0.5 0.5 0.5 0.5 0.5 0.5 0.90992 0.5 0.5 0.66484 0.65997 0.68799
0.90815 0.5 0.5 0.5 0.5 0.84903 0.72622 0.5969 0.5 0.5 0.64723 0.5 0.5 0.5 0.5 0.56095 0.5 0.5 0.5 0.5 0.5 0.5 0.56901 0.71899 0.84166 0.5 0.5 0.5 0.5 0.82792 0.79727 0.5 0.5 0.63676
0.85759 0.85997 0.83531 0.5 0.5 0.64051 0.58829 0.77356 0.9208 0.5 0.5 0.5 0.5 0.78951 0.5 0.5 0.86877 0.5 0.5 0.67538 0.70701 0.77112 0.65126 0.5 0.5 0.5898 0.57192 0.79218 0.9312 0.75494
0.55328 0.57373 0.80962 0.5 0.5 0.52487 0.53785 0.62812 0.77448 0.86161 0.5 0.5 0.74776 0.88805 0.86782 0.68499 0.72902 0.89875 0.5 0.5 0.67725
0.79457 0.5 0.5 0.73178 0.5 0.5 0.99291 0.5 0.5 0.80529 0.80763 0.77426 0.74329 0.83453 0.68572 0.6863 0.80089
0.69739 0.77893 0.90185 0.5 0.5 0.5 0.5 0.6898 0.68101 0.5 0.5 0.60822 0.72174 0.85318 0.5 0.5 0.70287
0.61346 0.5 0.5 0.56807 0.9203 0.7176 0.5 0.5 0.70638 0.64201 0.64573 0.63186 0.66799 0.62323 0.66542 0.58625
0.75799 0.76556 0.73255 0.71514 0.81628 0.83394 0.82034 0.76596 0.82187 0.95123 0.5 0.5 0.7982 0.70176 0.8717 0.5 0.5
0.79514 0.5 0.5 0.5502 0.82521 0.5 0.5 0.62018 0.5 0.5 0.68758 0.5 0.5 0.5761 0.67629 0.61485
0.53715 0.54235 0.6068 0.52382 0.71701 0.77923 0.5 0.5 0.63512 0.88466 0.5 0.5 0.62359 0.5 0.5 0.5 0.5 0.90644 0.5 0.5
0.61735 0.61237 0.80064 0.5674 0.82722 0.80219 0.5 0.5 0.72489 0.79957 0.5 0.5 0.70194 0.61798 0.61034 0.59289 0.72084 0.5 0.5 0.69225 0.7278 0.99809 0.8065 0.5 0.5
0.65388 0.74936 0.5 0.5 0.58564 0.73175 0.9765 0.5 0.5 0.5 0.5 0.66947 0.69114 0.69031 0.81649 0.8914 0.5 0.5 0.5 0.5 0.83106
0.55877 0.55036 0.62452 0.63643 0.54514 0.54769 0.6897 0.78539 0.5634 0.60826 0.67111 0.5 0.5
0.89978 0.53207 0.53842 0.98457 0.5 0.5 0.5 0.5 0.90751 0.5 0.5
0.73191 0.72542 0.57653 0.5 0.5 0.52756 0.79421 0.78762 0.82862 0.5 0.5 0.5 0.5 0.78777 0.63884 0.70314 0.60418 0.5 0.5 0.56071 0.67326 0.71549 0.78248
0.56111 0.55033 0.64451 0.75703 0.79357 0.97716 0.5 0.5 0.86333 0.5 0.5 0.69146 0.5 0.5
0.94102 0.5 0.5 0.76782 0.5 0.5 0.62319 0.60145 0.61296 0.66201 0.80301 0.59627 0.72437 0.5 0.5 0.5 0.5 0.61603 0.5 0.5 0.5 0.5 0.60955 0.5 0.5 0.54869
0.71108 0.5 0.5 0.71537 0.5 0.5 0.57147 0.65242 0.5 0.5 0.62266 0.5 0.5 0.56458 0.64277 0.5 0.5 0.56961 0.5 0.5 0.76278 0.66189 0.55846 0.72824
0.83989 0.79005 0.55154 0.60462 0.67434 0.70661 0.82106 0.5 0.5 0.5 0.5 0.79892
0.71816 0.5 0.5 0.58809 0.68618 0.5 0.5 0.60325 0.5 0.5 0.5 0.5 0.56098 0.5 0.5 0.71056 0.69084 0.66674 0.99175 0.57993 0.58889
0.74148 0.68736 0.90487 0.83448 0.72726 0.76903 0.69567 0.93761 0.5 0.5 0.92656 0.87646 0.5 0.5 0.51709 0.5285 0.78209 0.81908 0.86503 0.80285 0.67717 0.64479 0.8526
0.88315 0.80251 0.86033 0.98817 0.85109 0.91598 0.901 0.89771
0.6624 0.57826 0.59748 0.72427 0.5 0.5 0.75791 0.78985 0.69065 0.76713 0.5 0.5
0.63982 0.5091 0.51456 0.70167 0.78838 0.97696 0.5 0.5 0.5 0.5 0.65409 0.66987 0.70286 0.7112 0.78069 0.7891 0.88448 0.77167 0.96793
0.8246 0.75078 0.5 0.5 0.92221 0.5 0.5 0.77368 0.5 0.5 0.5 0.5 0.80096 0.5 0.5 0.68128 0.5 0.5 0.5 0.5
0.94857 0.5 0.5 0.96653 0.5 0.5 0.5 0.5 0.5 0.5 0.5 0.5 0.5 0.5 0.96788 0.5 0.5 0.57617 0.78763 0.58107
0.90913 0.5 0.5 0.7412 0.69776 0.66092 0.50511 0.52929 0.61825 0.5995 0.51459 0.58319 0.5 0.5 0.5 0.5 0.70887 0.5 0.5 0.66283 0.54966 0.53743 0.5 0.5 0.51702
0.94181 0.5 0.5 0.5 0.5 0.98094 0.5 0.5 0.5 0.5 0.5 0.5 0.80138 0.5 0.5 0.87426 0.5 0.5 0.5 0.5 0.5 0.5 0.59608 0.5 0.5 0.70608 0.5 0.5 0.5 0.5 0.5 0.5 0.57729 0.59923
