0 1 8
0
0
0 1 2 3 6 7
0 1 2
0 1 2 3 4 7 8
0 1 2 3 4 5 6
0 1 2 3
0 1 2 5 6
0 1 2 5 6 7 8 9 10
0 1 2 3 4
0 1 2 3 4 7 8
0 1 2 3 4 5 6
0 1 2 3 4 5 6
0 1 2
0 1 2 3 4 5 6
0 1 2
0 1 2 3 4 5 8 9
0 1 2 3 4 5 6 7 8 9 10 13 14
0 1 2 3 4
0 1 2 3 4 5 6
0 1 2 3 6 7 8 9 10 11 12 13 14 15 16 17
0 1 2 3 4 5 6 7 8 9 10
0 1 2 3 4 5 6 7 8
0 1 2 5 6
0 1 2
0 1 2 3 4 5 6 7 8 9 10
0 1 2
0 1 2 5 6
0 1 2 3 4 5 6 7 8 9 10 13 14
0 1 2 3 6 7 10 11
0 1 2 3 4 5 6
0 1 2 3 4 5 6
0 1 2 3 4 5 6
0 1 2
0 1 2 3 4 5 6 7 8 9 10
0 1 2 3 4
0 1 2 3 4 5 6 7 8
0 1 2 3
0 1 2 3 4 5
0 1 2 3 8 9 16 19
0 1 2 5 6 7 14 25 26 27 30 35
0 5 6 13 14 15 20 25
0 1 4 7 16 23 24 29
0 1 2 5 6 7 12 15 18 19 20 21 28
0 1 2 5 6 7 12 13 16 17 22
0 1 2 17 22 23 26
0 1 18 31
0 1 2 7 18
0 1 6 7 10 13 14 15 16 19 20 21 24 25 28
0 1 8 9 14 21 22 29
0 1 2 3 6 15 22 23 28
0 1 2 7 8 13 14 15 16 23
0 1 2 3 10 15 16 19 26
0 1 2 7 12 13 18
0 1 2 3 4 5 6 13 14 15 18 23 24 27
0 1 8 9 10 13 18
0 1 2 5 16 25
0 1 2 3 6 11 14 15 18 19 28
0 1 10 17 18 19 20 25 26 31 34 39 40 41
0 1 8 21 22 31 32 35 36 39
0 1 2 7 8 9 10 17 24 25 26 27 28
0 1 6 13 14 15 20
0 1 4 5 10 11 16
0 1 2 3 6 7 8 9 10 11 12 13 18
0 1 2 9 22 23 30
0 1 6 7 12 15 16 17 18 23 24 27
0 1 2 7 12 15 16 17 26 27 28 31
0
0 1 2 11 18 19 24 25 30
0 1 8 9 12 13 16 19 20 25 26 27 28 33
0 1 2 5 6 7 8 11 12 17
0 1 2 7 10 15 16 19
0 1 2 11 12 17 18
0 1 2 3 4 7 12 13 14 19 20 23 32
0 1 2 19 24 25 30
0 1 6 7 12 15 16 19 20 27
0 1 2 7 10 11 16 17 20
0 1 20
0 1 2 3 10 11 18 19 22
0 1 6 11 12 13 14 17 18 23 24 25 26 27 28 31
0 1 2 3 4 7 14 17 18 25 26 27
0 1 2 3 8 13 14 15 16 21 22 23 24
0 1 2 3 6 7 16 19 20 21 28 29 34 35
0 1 10 15 16 17
0 1 10 19 26 27 28 31
0 1 2 9 18 19 22 23 30
0 1 2 3 14 15 26
0 1 10 15 16 17 18 19 20 21 22 23
0 1 2 7 8 15 16 23 24 29
0 1 14 29 30 31
0 1 6 9 10 29 36 39 40 41
0 1 2 3 4 19 20 21 22 27 28 35 36 37 42 45 46 59
0 1 2 5 8 9 16 17 18 25 26 27 30
0 7 8 11 12 13 14 15 16 17 18 19 20 23 24
0 1 2 3 4 5 6 7 12 13 20 21 22
0 1 8 9 18
0 7 8 9 10 11 12 13 14 17 18 19 20 25
0 1 2 3 14
0 1 10 11 12 13 16 17 18
0 1 2 9 10 11 16 17 18 19 30 31 36 41 42 45 46 47 48
0 1 2 11 18 19 22 23 24 29
0 1 2 3 10 11 12 17 18
0 1 2 3 4 15 16 23
0 1 2 3 6 13 14 19 20 21 22 25 26 33
0 1 2 7 14
0 1 6 7 14 21 22 23 24 37
0 1 2 9 28
0 1 10
0 1 6 7 10 19 20 21 24 27
0 1 2 3 4 5 10 11 12 13 14 17 23 24 25 28 29 32 42
0 1 2 3 4 9 10 13 14 17 18 19 20
3 4 13
0 1 14 15 16 21 22 25 26 29 32
0 1 2 3 4 5 6 7 8 9 10 17 18 23 24 29
0 1 2 21 24 25 28 29
0 3 4 5 38 39 40
0 25 40
